0 
0 Name: New Model.ldr
0 Author: 
1 14 70 -10 30 1 0 0 0 1 0 0 0 1 71709.dat
1 1 110 -20 10 0 1 0 -1 0 0 0 0 1 43093.dat
1 1 30 -20 50 0 1 0 -1 0 0 0 0 1 43093.dat
1 71 110 -20 50 0 1 0 -1 0 0 0 0 1 4274.dat
1 71 30 -20 10 0 1 0 -1 0 0 0 0 1 4274.dat
0 STEP
1 2 70 -40 30 0.866025 0 -0.5 0 1 0 0.5 0 0.866025 3009.dat
0 STEP
1 2 40.359 -64 1.3398 0.866025 0 -0.5 0 1 0 0.5 0 0.866025 3001.dat
1 2 99.641 -64 58.6603 0.866025 0 -0.5 0 1 0 0.5 0 0.866025 3001.dat
0 STEP
1 2 70 -88 30.0001 0.866025 0 -0.5 0 1 0 0.5 0 0.866025 3009.dat
0 STEP
0 !LEOCAD SYNTH BEGIN
0 !LEOCAD SYNTH CONTROL_POINT -175 0 0 1 0 0 0 1 0 0 0 1 200
0 !LEOCAD SYNTH CONTROL_POINT -165 -80 40 -1 0 0 0 -1 0 0 0 1 200
1 71 110 -200 10 0 1 0 -1 0 0 0 0 1 72039.dat
0 !LEOCAD SYNTH END
